p cnf 16 56
c Linha
11 12 13 14 0
-11 -12 0
-11 -13 0
-11 -14 0
-12 -13 0
-12 -14 0
-13 -14 0
11 12 13 14 0
-21 -22 0
-21 -23 0
-21 -24 0
-22 -23 0
-22 -24 0
-23 -24 0
11 12 13 14 0
-31 -32 0
-31 -33 0
-31 -34 0
-32 -33 0
-32 -34 0
-33 -34 0
11 12 13 14 0
-41 -42 0
-41 -43 0
-41 -44 0
-42 -43 0
-42 -44 0
-43 -44 0
c Coluna
11 21 31 41 0
-11 -21 0
-11 -31 0
-11 -41 0
-21 -31 0
-21 -41 0
-31 -41 0
11 21 31 41 0
-12 -22 0
-12 -32 0
-12 -42 0
-22 -32 0
-22 -42 0
-32 -42 0
11 21 31 41 0
-13 -23 0
-13 -33 0
-13 -43 0
-23 -33 0
-23 -43 0
-33 -43 0
11 21 31 41 0
-14 -24 0
-14 -34 0
-14 -44 0
-24 -34 0
-24 -44 0
-34 -44 0
